/*--------------------------------*- C++ -*----------------------------------*\
  =========                 |
  \\      /  F ield         | OpenFOAM: The Open Source CFD Toolbox
   \\    /   O peration     | Website:  https://openfoam.org
    \\  /    A nd           | Version:  7
     \\/     M anipulation  |
\*---------------------------------------------------------------------------*/
FoamFile
{
    version     2.0;
    format      ascii;
    class       volScalarField;
    location    "0";
    object      yPlus;
}
// * * * * * * * * * * * * * * * * * * * * * * * * * * * * * * * * * * * * * //

dimensions      [0 0 0 0 0 0 0];

internalField   uniform 0;

boundaryField
{
    inlet
    {
        type            calculated;
        value           uniform 0;
    }
    outlet
    {
        type            calculated;
        value           uniform 0;
    }
    top
    {
        type            calculated;
        value           uniform 0;
    }
    bottom
    {
        type            calculated;
        value           uniform 0;
    }
    sides
    {
        type            calculated;
        value           uniform 0;
    }
    sphere
    {
        type            calculated;
        value           nonuniform List<scalar> 
4344
(
3.47336
3.47336
3.47262
3.4776
3.47262
3.4776
3.47407
3.47407
3.47929
3.47929
3.47407
3.47407
3.47929
3.47407
3.47407
3.47407
3.47407
3.47929
3.47407
3.4776
3.47262
3.47262
3.4776
3.4776
3.47262
3.47262
3.4776
3.47262
3.47262
3.47336
3.47336
3.47336
3.47336
3.47336
3.47336
3.47336
3.47336
3.4776
3.47262
3.4776
3.47262
3.47407
3.47407
3.47311
3.474
3.4772
3.47568
3.47292
3.47326
3.47691
3.47719
3.47588
3.47757
3.47751
3.47347
3.47302
3.47766
3.47747
3.47649
3.47773
3.47784
3.47766
3.47636
3.47551
3.47749
3.47774
3.47706
3.47636
3.47653
3.47653
3.4764
3.47867
3.47677
3.4753
3.47713
3.47347
3.47819
3.47867
3.47676
3.47464
3.47713
3.47348
3.4775
3.47669
3.47787
3.47874
3.47628
3.47381
3.47709
3.47972
3.47628
3.47367
3.47652
3.47798
3.47868
3.47599
3.47775
3.478
3.47868
3.47599
3.47494
3.476
3.47413
3.47752
3.476
3.47413
3.47752
3.476
3.47413
3.476
3.47413
3.47775
3.47775
3.476
3.47413
3.47652
3.47798
3.47868
3.47599
3.478
3.47868
3.47599
3.47494
3.478
3.47868
3.47599
3.47652
3.47494
3.47798
3.47868
3.476
3.47413
3.476
3.47413
3.47752
3.47798
3.47868
3.47599
3.47494
3.47652
3.478
3.47868
3.47599
3.47494
3.478
3.47868
3.47599
3.47798
3.47868
3.47652
3.476
3.47413
3.47775
3.476
3.47413
3.476
3.47752
3.47972
3.47628
3.47381
3.47628
3.47367
3.47874
3.47751
3.47669
3.47709
3.47719
3.47588
3.47691
3.47787
3.47292
3.47326
3.47757
3.4775
3.47751
3.47709
3.47874
3.47628
3.47367
3.47757
3.4772
3.47568
3.4775
3.474
3.47588
3.47787
3.47628
3.47381
3.47972
3.47311
3.474
3.47691
3.47787
3.47568
3.47757
3.47326
3.4775
3.47751
3.47669
3.47326
3.4772
3.47568
3.4775
3.47691
3.47588
3.47311
3.474
3.47787
3.47669
3.47628
3.47367
3.47636
3.47713
3.47347
3.47747
3.47749
3.47774
3.47706
3.47819
3.47867
3.47674
3.4753
3.47649
3.47773
3.47784
3.47551
3.47464
3.4764
3.47867
3.47713
3.47348
3.47636
3.47713
3.47348
3.47766
3.47766
3.47653
3.47653
3.47302
3.47347
3.47766
3.47653
3.47713
3.47551
3.47649
3.47773
3.47784
3.4764
3.47867
3.47677
3.47464
3.47749
3.47774
3.47706
3.47819
3.47867
3.47676
3.47528
3.47749
3.47774
3.47706
3.47747
3.4753
3.47819
3.47867
3.47551
3.47464
3.4764
3.47867
3.47675
3.47713
3.47347
3.47302
3.47766
3.47653
3.47766
3.47766
3.47347
3.47653
3.47348
3.47649
3.47773
3.47784
3.4764
3.47867
3.47677
3.47464
3.47747
3.4753
3.47819
3.47867
3.47674
3.47713
3.47713
3.47348
3.47636
3.4764
3.47867
3.47675
3.47464
3.47551
3.47649
3.47773
3.47784
3.47528
3.47819
3.47867
3.47676
3.47749
3.47774
3.47747
3.47636
3.47713
3.47347
3.47636
3.47302
3.47347
3.47766
3.47766
3.47653
3.47653
3.47766
3.47347
3.47302
3.47766
3.47819
3.47867
3.47676
3.47528
3.47747
3.47749
3.47774
3.47706
3.47464
3.47551
3.47649
3.47773
3.47464
3.4764
3.47867
3.47649
3.47773
3.47784
3.47551
3.47819
3.47867
3.47749
3.47774
3.47747
3.47713
3.47348
3.47636
3.47653
3.47653
3.47766
3.47302
3.47347
3.47766
3.47766
3.47766
3.47347
3.47302
3.47713
3.47347
3.47528
3.47747
3.47749
3.47774
3.47706
3.4764
3.47867
3.47649
3.47773
3.47784
3.47551
3.47628
3.47367
3.47972
3.47709
3.47669
3.47751
3.47292
3.4772
3.47757
3.47787
3.47588
3.47719
3.47311
3.47691
3.47709
3.47751
3.47628
3.47381
3.474
3.47311
3.47691
3.47588
3.47719
3.4775
3.47757
3.47326
3.47292
3.4772
3.47367
3.47874
3.4775
3.4772
3.47292
3.47757
3.47787
3.47588
3.47691
3.47669
3.47751
3.47787
3.47691
3.47588
3.47719
3.4775
3.47757
3.47669
3.47709
3.47751
3.476
3.476
3.476
3.47413
3.478
3.47868
3.47599
3.47798
3.47868
3.47599
3.47494
3.47652
3.47494
3.478
3.47868
3.476
3.476
3.47413
3.47494
3.47652
3.47798
3.47868
3.47798
3.47868
3.47599
3.478
3.47868
3.47599
3.47652
3.476
3.47413
3.47743
3.47754
3.47743
3.47754
3.47172
3.47145
3.47246
3.4782
3.4744
3.4777
3.47343
3.47668
3.47753
3.4719
3.47724
3.47323
3.47317
3.47252
3.47724
3.47323
3.47857
3.47388
3.48003
3.48003
3.47857
3.47388
3.47857
3.47388
3.47157
3.47331
3.48003
3.47157
3.47857
3.47388
3.48003
3.47724
3.47323
3.47724
3.47323
3.47172
3.4719
3.47232
3.47317
3.47743
3.47754
3.47252
3.47317
3.4719
3.47724
3.47743
3.47754
3.47743
3.47754
3.47323
3.47724
3.47323
3.47743
3.47754
3.47317
3.47743
3.47754
3.47743
3.47754
3.47252
3.47317
3.47323
3.4777
3.47343
3.47265
3.4744
3.4782
3.4744
3.47668
3.47753
3.47668
3.47753
3.47145
3.47246
3.47668
3.47753
3.47668
3.47753
3.4782
3.4744
3.4777
3.47343
3.4777
3.47668
3.47753
3.4744
3.47246
3.47145
3.4782
3.47668
3.47753
3.47668
3.47753
3.47246
3.4744
3.47323
3.47724
3.47317
3.47252
3.47232
3.47172
3.47743
3.47754
3.47743
3.47754
3.47317
3.47252
3.47222
3.47743
3.47754
3.47743
3.47754
3.47724
3.47323
3.47743
3.47754
3.47743
3.47754
3.47323
3.47232
3.4719
3.47222
3.47743
3.47754
3.47743
3.47754
3.47232
3.4719
3.47317
3.47388
3.47157
3.47718
3.47623
3.47799
3.47803
3.4778
3.4765
3.47847
3.477
3.47786
3.47919
3.47753
3.47733
3.47695
3.47637
3.47773
3.47623
3.47766
3.47747
3.47553
3.47755
3.47822
3.4713
3.47441
3.4778
3.47736
3.47732
3.47694
3.47637
3.47485
3.46914
3.47686
3.4767
3.47693
3.47638
3.47571
3.47594
3.47704
3.4757
3.47765
3.47645
3.47661
3.47691
3.4764
3.47316
3.47377
3.47729
3.47438
3.47691
3.4779
3.47534
3.47709
3.47375
3.47752
3.47754
3.47812
3.4734
3.47797
3.47804
3.47377
3.47729
3.47838
3.47864
3.47783
3.47459
3.47511
3.47691
3.47702
3.47441
3.47709
3.47421
3.47753
3.47812
3.47743
3.47731
3.47784
3.47774
3.47426
3.47736
3.47722
3.47744
3.47298
3.47639
3.47686
3.47586
3.47642
3.47674
3.47416
3.47299
3.47456
3.47866
3.47781
3.47501
3.47395
3.47679
3.47687
3.47689
3.47642
3.47573
3.47751
3.47367
3.47752
3.47783
3.47795
3.47538
3.47492
3.47572
3.47622
3.47191
3.47546
3.46914
3.47674
3.47635
3.47689
3.47585
3.47575
3.4809
3.47803
3.47202
3.47753
3.47413
3.47724
3.47965
3.4771
3.46914
3.47872
3.47633
3.47788
3.47585
3.47803
3.47183
3.47753
3.47413
3.47453
3.47724
3.47963
3.47708
3.47329
3.47591
3.47591
3.47706
3.47483
3.47818
3.47654
3.47409
3.47612
3.478
3.47843
3.47851
3.47486
3.47484
3.47704
3.47818
3.47796
3.47614
3.47801
3.4762
3.47325
3.4769
3.47836
3.47712
3.47851
3.47671
3.47408
3.47934
3.47325
3.47689
3.47456
3.47836
3.47712
3.47671
3.47851
3.47885
3.47456
3.4769
3.47971
3.47836
3.47712
3.47325
3.47689
3.47934
3.47836
3.47712
3.47843
3.47851
3.47187
3.47843
3.47851
3.4791
3.47934
3.47689
3.47836
3.47712
3.47329
3.47591
3.47591
3.47379
3.47706
3.47483
3.47818
3.47654
3.47409
3.47612
3.478
3.47704
3.47484
3.47818
3.47796
3.4762
3.47388
3.47614
3.47801
3.47704
3.47484
3.47818
3.4762
3.47614
3.47801
3.47329
3.47591
3.47591
3.47706
3.47483
3.47818
3.47795
3.47654
3.47409
3.47612
3.478
3.47851
3.47885
3.47971
3.4769
3.47836
3.47712
3.47456
3.4769
3.47836
3.47712
3.47851
3.47671
3.47483
3.47706
3.47818
3.47612
3.478
3.47654
3.47409
3.47329
3.47591
3.47591
3.47704
3.47818
3.47796
3.47801
3.4762
3.47388
3.47704
3.47818
3.47796
3.47614
3.47801
3.4762
3.47706
3.47818
3.478
3.47654
3.47329
3.47591
3.47591
3.47836
3.47851
3.47843
3.47851
3.47934
3.47689
3.47836
3.47712
3.47971
3.47325
3.47836
3.47851
3.47671
3.47885
3.47408
3.47753
3.47803
3.47724
3.47965
3.4771
3.47453
3.47724
3.47963
3.47708
3.47753
3.47803
3.47694
3.47681
3.47695
3.47637
3.47733
3.47681
3.47695
3.46914
3.47571
3.47594
3.4767
3.47693
3.47538
3.46914
3.4761
3.47689
3.47585
3.47602
3.47674
3.47635
3.46914
3.4761
3.47788
3.47585
3.47872
3.47633
3.47732
3.47736
3.47736
3.47919
3.47441
3.47575
3.4809
3.47773
3.47623
3.47766
3.47747
3.47755
3.47822
3.47699
3.47128
3.47485
3.47191
3.47546
3.46914
3.4767
3.47571
3.47594
3.47694
3.46914
3.4761
3.47788
3.47699
3.47872
3.47633
3.47622
3.46914
3.4761
3.47689
3.47585
3.47602
3.47674
3.47635
3.47753
3.47803
3.47202
3.47929
3.47724
3.47877
3.47413
3.47963
3.47708
3.47128
3.47485
3.47786
3.47736
3.47736
3.47919
3.47546
3.47799
3.47803
3.4778
3.4765
3.47847
3.47732
3.47754
3.47134
3.47575
3.4809
3.47803
3.47947
3.47724
3.47965
3.47453
3.47724
3.47965
3.4771
3.47753
3.47803
3.47183
3.47718
3.47623
3.47799
3.47803
3.47576
3.4778
3.4765
3.47847
3.47441
3.47575
3.4809
3.47736
3.47786
3.47736
3.47753
3.47128
3.47485
3.47623
3.47766
3.47747
3.47755
3.47822
3.47191
3.47546
3.4804
3.47963
3.47708
3.47803
3.47202
3.46914
3.47571
3.47594
3.47686
3.4767
3.47681
3.46914
3.4761
3.47689
3.47585
3.47602
3.47674
3.47635
3.47538
3.46914
3.47788
3.47585
3.47699
3.47872
3.47633
3.47623
3.47766
3.47747
3.47755
3.47699
3.47626
3.47822
3.47736
3.47786
3.47919
3.47753
3.47191
3.47546
3.4804
3.4713
3.47441
3.4778
3.47732
3.47736
3.47754
3.47623
3.47799
3.47803
3.4778
3.477
3.4765
3.47847
3.47575
3.4809
3.47733
3.47694
3.46914
3.4761
3.47788
3.47699
3.47872
3.47633
3.46914
3.4761
3.47689
3.47674
3.47635
3.47803
3.47453
3.47877
3.47413
3.47963
3.47921
3.47965
3.47803
3.47784
3.47774
3.47233
3.47783
3.47426
3.47299
3.47456
3.47781
3.47501
3.47438
3.47691
3.4779
3.47534
3.47709
3.47421
3.47753
3.47812
3.47743
3.47731
3.47679
3.47397
3.47687
3.47573
3.47689
3.47642
3.47709
3.47377
3.47752
3.47754
3.47812
3.47799
3.47804
3.47511
3.47691
3.47702
3.47441
3.47639
3.47686
3.47674
3.47642
3.47864
3.47751
3.47783
3.47795
3.47838
3.47864
3.47459
3.47752
3.47751
3.47783
3.47795
3.47377
3.47316
3.47377
3.47722
3.47736
3.47736
3.47744
3.47704
3.4757
3.47621
3.4764
3.47665
3.47691
3.47377
3.47729
3.47722
3.47736
3.47744
3.47774
3.47783
3.47866
3.47781
3.47511
3.47691
3.47702
3.47441
3.47709
3.47377
3.47752
3.47812
3.47799
3.47804
3.47639
3.47298
3.47686
3.47674
3.47416
3.47586
3.47642
3.47709
3.47421
3.47753
3.47755
3.47812
3.47743
3.47731
3.47679
3.47395
3.47687
3.47573
3.47689
3.47642
3.47709
3.47421
3.47753
3.47812
3.47743
3.47731
3.47438
3.47691
3.4779
3.47534
3.47679
3.47397
3.47687
3.47619
3.47573
3.47642
3.47511
3.47691
3.47702
3.47639
3.473
3.47686
3.47712
3.47674
3.47588
3.47642
3.47774
3.47783
3.47866
3.47456
3.47781
3.47501
3.47704
3.4757
3.47765
3.47645
3.47661
3.47691
3.4764
3.47316
3.47377
3.47722
3.47736
3.47744
3.47948
3.47377
3.47729
3.47377
3.47621
3.4764
3.47665
3.47691
3.47722
3.47948
3.47744
3.47752
3.47354
3.47783
3.47864
3.47783
3.47752
3.47354
3.47751
3.47367
3.47783
3.47795
3.47709
3.47377
3.47752
3.47812
3.47799
3.47804
3.47639
3.47298
3.47686
3.47674
3.47586
3.47642
3.47438
3.47691
3.4779
3.47534
3.47679
3.47397
3.47687
3.47573
3.47453
3.47642
3.47781
3.47501
3.47367
3.47751
3.47783
3.47795
3.47864
3.4728
3.47838
3.473
3.47639
3.47686
3.47712
3.47588
3.47642
3.47674
3.47416
3.47511
3.47702
3.47691
3.47709
3.47752
3.47797
3.47804
3.47812
3.47679
3.47687
3.47689
3.47642
3.47573
3.47709
3.47753
3.47755
3.47731
3.47812
3.4734
3.47438
3.4779
3.47691
3.47781
3.47501
3.47774
3.47784
3.47783
3.47426
3.47456
3.47367
3.47866
3.47781
3.47501
3.47774
3.47233
3.47784
3.47426
3.47765
3.47645
3.47704
3.4757
3.4764
3.47665
3.47691
3.47661
3.47316
3.47377
3.47729
3.47254
3.47377
3.47729
3.47736
3.47736
3.47722
3.47744
3.47377
3.47729
3.47765
3.47645
3.47691
3.4764
3.47661
3.47377
3.47729
3.47354
3.47752
3.47783
3.47864
3.4728
3.47395
3.47679
3.47687
3.47689
3.47642
3.47573
3.47453
3.47438
3.4779
3.47691
3.47401
3.47421
3.47709
3.47753
3.47731
3.47812
3.4734
3.47511
3.47702
3.47691
3.47709
3.47752
3.47754
3.47804
3.47812
3.4734
3.47639
3.47686
3.47712
3.47642
3.47674
3.47709
3.47752
3.47754
3.47797
3.47804
3.47812
3.47511
3.47702
3.47691
3.47679
3.47687
3.47689
3.47642
3.47573
3.47453
3.47421
3.47709
3.47753
3.47743
3.47731
3.47812
3.47438
3.4779
3.47691
3.47354
3.47751
3.47752
3.47783
3.47864
3.47838
3.47459
3.47722
3.47744
3.47316
3.47377
3.47765
3.47645
3.47704
3.4757
3.47621
3.4764
3.47665
3.47691
3.47661
3.47377
3.47736
3.47722
3.47744
3.47948
3.47377
3.47316
3.47377
3.4757
3.47765
3.47645
3.47691
3.4764
3.47661
3.47774
3.47781
3.47501
3.47774
3.47233
3.47438
3.4779
3.47691
3.47401
3.47421
3.47709
3.47753
3.47755
3.47731
3.47812
3.4734
3.47639
3.47686
3.47642
3.47674
3.47416
3.47375
3.47709
3.47752
3.47804
3.47812
3.4734
3.47511
3.47702
3.47691
3.47864
3.47803
3.47929
3.47877
3.47724
3.47963
3.47708
3.47724
3.47965
3.47803
3.47753
3.47947
3.47614
3.46914
3.47872
3.47633
3.4761
3.47788
3.47585
3.46914
3.47602
3.47674
3.47635
3.4761
3.47689
3.47585
3.47733
3.47695
3.47695
3.46914
3.4767
3.47693
3.47638
3.47571
3.47594
3.47747
3.47773
3.47623
3.47822
3.47699
3.47553
3.47755
3.47786
3.47753
3.47919
3.47485
3.47802
3.47134
3.47575
3.47732
3.47736
3.47803
3.47718
3.47623
3.47847
3.477
3.47576
3.4778
3.47441
3.4778
3.47572
3.46914
3.47699
3.47872
3.47633
3.47788
3.47585
3.46914
3.47638
3.47571
3.47686
3.4767
3.47693
3.47803
3.47921
3.47453
3.47724
3.47965
3.4771
3.47799
3.47718
3.47623
3.477
3.47847
3.4778
3.47441
3.47732
3.47919
3.47191
3.47546
3.4804
3.47128
3.47485
3.47773
3.47623
3.47699
3.47822
3.47755
3.47786
3.47919
3.47877
3.47963
3.47877
3.47453
3.47724
3.47963
3.47803
3.47753
3.47614
3.47191
3.47546
3.4804
3.47736
3.47786
3.47753
3.47747
3.47773
3.47623
3.47822
3.47699
3.47553
3.47755
3.47485
3.47802
3.47134
3.47575
3.47736
3.47736
3.47732
3.47441
3.47623
3.4765
3.47847
3.4778
3.47803
3.47538
3.47492
3.47622
3.46914
3.47602
3.47674
3.47635
3.4761
3.47689
3.47585
3.46914
3.47686
3.4767
3.47693
3.47571
3.47594
3.47637
3.47695
3.47575
3.4809
3.4713
3.47441
3.4778
3.47799
3.477
3.4765
3.47847
3.4778
3.47732
3.47754
3.47919
3.47191
3.47546
3.4804
3.47128
3.47485
3.47736
3.47786
3.47773
3.47623
3.47822
3.47755
3.46914
3.47602
3.47674
3.47635
3.4761
3.47689
3.46914
3.47872
3.47633
3.47788
3.47585
3.46914
3.47571
3.47594
3.47686
3.4767
3.47921
3.47965
3.47803
3.47851
3.4791
3.47836
3.4769
3.47836
3.47851
3.47851
3.47885
3.47971
3.47836
3.47712
3.47704
3.47484
3.47818
3.47796
3.4762
3.47614
3.47801
3.47706
3.47483
3.47818
3.47654
3.47409
3.47612
3.478
3.47329
3.47591
3.47591
3.47704
3.47818
3.4762
3.47388
3.47614
3.47801
3.47934
3.47689
3.47836
3.47712
3.47325
3.47934
3.47836
3.47851
3.47187
3.47329
3.47591
3.47591
3.47706
3.47818
3.47795
3.478
3.47654
3.47409
3.47706
3.47818
3.47795
3.478
3.47654
3.47704
3.47818
3.47796
3.47614
3.47801
3.4762
3.47329
3.47591
3.47591
3.47851
3.4769
3.47836
3.47851
3.47929
3.47222
3.47336
3.47336
3.47732
3.47732
3.47262
3.4776
3.47232
3.4776
3.47733
3.47733
3.47733
3.47733
3.47407
3.47733
3.47222
3.47252
3.47172
3.47222
3.4776
3.47232
3.47262
3.47262
3.4776
3.47252
3.4776
3.4776
3.4719
3.47232
3.47732
3.47732
3.47732
3.47732
3.47732
3.47336
3.47732
3.47732
3.47732
3.47336
3.47262
3.47732
3.47732
3.47732
3.47336
3.47262
3.47732
3.47336
3.47732
3.47262
3.47732
3.47929
3.47222
3.4776
3.47929
3.47172
3.47407
3.47407
3.47407
3.4776
3.47929
3.47172
3.47407
3.47252
3.47222
3.47733
3.47733
3.47733
3.47804
3.47736
3.4774
3.47736
3.47681
3.47752
3.47311
3.47805
3.4774
3.47736
3.4772
3.47681
3.47695
3.47775
3.47292
3.47802
3.47413
3.47719
3.47636
3.47636
3.47347
3.47889
3.47736
3.47889
3.47713
3.47347
3.47797
3.47674
3.4792
3.47706
3.47828
3.47797
3.47675
3.47923
3.47827
3.47874
3.47326
3.4804
3.47628
3.47381
3.47972
3.47628
3.47568
3.47797
3.47615
3.47615
3.47797
3.47615
3.47615
3.47797
3.47615
3.47599
3.47615
3.47797
3.47615
3.47615
3.47797
3.47615
3.47599
3.47615
3.47637
3.47492
3.47805
3.4774
3.4778
3.47802
3.4804
3.47681
3.47695
3.47637
3.47572
3.47669
3.47802
3.47804
3.4774
3.4804
3.47719
3.47805
3.47736
3.4774
3.47736
3.47972
3.47628
3.47381
3.4778
3.47804
3.4774
3.47292
3.47802
3.47628
3.47367
3.47874
3.47637
3.47709
3.47622
3.47572
3.47804
3.4774
3.47736
3.47874
3.47805
3.47736
3.4774
3.47628
3.47381
3.47972
3.47681
3.47695
3.47681
3.47637
3.47709
3.47492
3.47622
3.47797
3.47828
3.4792
3.47797
3.47828
3.47677
3.47923
3.47729
3.47729
3.47889
3.47889
3.47636
3.47653
3.47889
3.47736
3.47889
3.47347
3.47797
3.47828
3.47923
3.47797
3.47828
3.47924
3.47797
3.47828
3.47674
3.4792
3.47797
3.47827
3.47923
3.47636
3.47729
3.47653
3.47889
3.47736
3.47889
3.47713
3.47348
3.47302
3.47729
3.47713
3.47653
3.47347
3.47889
3.47736
3.47889
3.47736
3.47797
3.47828
3.47923
3.47797
3.47828
3.4792
3.47797
3.47923
3.47827
3.47797
3.47924
3.47706
3.47828
3.47889
3.47889
3.47713
3.47348
3.47636
3.47797
3.47924
3.47828
3.47797
3.47923
3.47784
3.47828
3.47797
3.47675
3.47923
3.47827
3.47889
3.47736
3.47889
3.47736
3.47729
3.47636
3.47729
3.47653
3.47653
3.47889
3.47736
3.47889
3.47636
3.47729
3.47636
3.47729
3.47797
3.47924
3.47828
3.47681
3.47637
3.47568
3.4774
3.47736
3.47804
3.47736
3.47775
3.47413
3.474
3.4809
3.4774
3.47736
3.47805
3.47413
3.47752
3.47492
3.47681
3.47637
3.47695
3.47637
3.47752
3.4778
3.4774
3.47736
3.47805
3.47736
3.47628
3.47568
3.47367
3.47802
3.47413
3.4774
3.47736
3.47804
3.47736
3.47326
3.4774
3.47736
3.47804
3.47775
3.474
3.47972
3.4809
3.47719
3.4774
3.47805
3.47311
3.47752
3.4778
3.47681
3.47637
3.47695
3.474
3.47628
3.47381
3.47311
3.4774
3.47736
3.47805
3.47736
3.47568
3.47326
3.47874
3.4772
3.47292
3.47775
3.47802
3.4774
3.47736
3.47804
3.47492
3.47681
3.47797
3.47615
3.47615
3.47797
3.47615
3.47599
3.47615
3.47797
3.47615
3.47599
3.47615
3.48003
3.47857
3.47172
3.47128
3.47388
3.4771
3.4782
3.47825
3.47232
3.4777
3.47254
3.47343
3.47918
3.47939
3.47169
3.47265
3.47874
3.47815
3.47367
3.47855
3.47727
3.47595
3.47354
3.47815
3.47855
3.4769
3.47724
3.47801
3.47602
3.4761
3.4719
3.47724
3.47134
3.47822
3.47826
3.47921
3.47453
3.47731
3.47946
3.47876
3.47699
3.4761
3.47782
3.47877
3.47825
3.4773
3.47946
3.4782
3.47157
3.47157
3.47828
3.47785
3.47971
3.47902
3.47456
3.47947
3.47826
3.47331
3.47785
3.47855
3.47781
3.47729
3.47946
3.47785
3.47331
3.47902
3.47325
3.47947
3.47729
3.47826
3.47855
3.47456
3.47946
3.47729
3.47781
3.47785
3.47785
3.47855
3.47325
3.47456
3.47781
3.47946
3.47729
3.47828
3.47157
3.47157
3.47157
3.47828
3.47785
3.47902
3.47325
3.47456
3.47826
3.47947
3.47902
3.47325
3.47971
3.47947
3.47826
3.47785
3.47331
3.47157
3.47157
3.47828
3.47828
3.47157
3.47855
3.47325
3.47934
3.47946
3.47729
3.47781
3.47785
3.47785
3.47855
3.47325
3.47456
3.47781
3.47946
3.47729
3.47902
3.47456
3.47826
3.47947
3.47729
3.47785
3.47331
3.47782
3.47453
3.47826
3.47921
3.47413
3.47819
3.47946
3.47731
3.47825
3.47877
3.47413
3.4782
3.47946
3.4773
3.47822
3.4771
3.47638
3.47686
3.47801
3.47876
3.47699
3.4713
3.47134
3.4771
3.47686
3.47638
3.47876
3.47801
3.47323
3.47822
3.47453
3.47825
3.47946
3.4773
3.47191
3.47724
3.47782
3.47453
3.47921
3.47826
3.47413
3.47819
3.47946
3.47731
3.47826
3.47921
3.47413
3.47819
3.47946
3.47731
3.47782
3.47222
3.4713
3.4719
3.47134
3.47724
3.47453
3.47825
3.47877
3.4773
3.47946
3.47323
3.47822
3.4771
3.47638
3.47801
3.47876
3.4761
3.47724
3.47724
3.47134
3.47876
3.47801
3.47602
3.47822
3.47825
3.47946
3.4773
3.47453
3.47826
3.47731
3.47946
3.47323
3.47782
3.47874
3.47866
3.47815
3.47367
3.47595
3.47855
3.47145
3.47825
3.47246
3.47169
3.47939
3.47918
3.47752
3.47815
3.47354
3.47367
3.4769
3.47855
3.47918
3.47354
3.47815
3.47367
3.4769
3.47855
3.47254
3.4777
3.47254
3.47343
3.47874
3.47299
3.47815
3.47367
3.47595
3.47727
3.47855
3.47939
3.47169
3.47265
3.47825
3.47265
3.47169
3.47939
3.47874
3.47815
3.47299
3.47367
3.47595
3.47855
3.47727
3.4782
3.4744
3.47316
3.47254
3.47815
3.47855
3.47727
3.4769
3.47918
3.47815
3.4769
3.47727
3.47855
3.47246
3.47145
3.47825
3.47866
3.47299
3.47815
3.47855
3.47595
3.47815
3.47354
3.47752
3.47855
3.4769
3.47918
3.47265
3.47169
3.47939
3.47825
3.47246
3.47145
3.47815
3.47299
3.47866
3.47855
3.47595
3.47874
3.47299
3.47815
3.47855
3.47595
3.47343
3.47874
3.47254
3.4782
3.47316
3.47815
3.47367
3.4769
3.47727
3.47855
3.47918
3.47825
3.47246
3.47145
3.47169
3.47265
3.47939
3.47265
3.47169
3.47939
3.47825
3.47815
3.47855
3.4769
3.47918
3.4744
3.4777
3.47254
3.4777
3.47254
3.4782
3.47874
3.47343
3.47299
3.47815
3.47866
3.47595
3.47855
3.47343
3.47874
3.47145
3.47825
3.47265
3.47169
3.47939
3.47918
3.47822
3.47825
3.47453
3.4773
3.47946
3.47826
3.47921
3.47453
3.47413
3.47731
3.47946
3.47782
3.47323
3.47876
3.47699
3.47801
3.4771
3.47686
3.47857
3.47128
3.48003
3.4713
3.47331
3.47876
3.4761
3.4771
3.47323
3.47782
3.47826
3.47731
3.47946
3.47819
3.48003
3.4713
3.47825
3.47453
3.47413
3.47946
3.4782
3.4773
3.47825
3.47413
3.4773
3.47946
3.4782
3.47822
3.47857
3.47128
3.47388
3.47724
3.48003
3.4713
3.47782
3.47801
3.4771
3.47638
3.47134
3.47724
3.47323
3.47172
3.47857
3.47801
3.47876
3.47699
3.4761
3.4771
3.47638
3.47826
3.47453
3.47413
3.47946
3.47731
3.47822
3.47785
3.47325
3.47934
3.47855
3.47456
3.47946
3.47781
3.47325
3.47971
3.47902
3.47826
3.47729
3.47947
3.47785
3.47785
3.47331
3.47325
3.47902
3.47456
3.47826
3.47947
3.47157
3.47157
3.47828
3.47325
3.47855
3.47456
3.47729
3.47946
3.47781
3.47855
3.47456
3.47781
3.47946
3.47785
3.47157
3.47828
3.47157
3.47828
3.47157
3.47331
3.47785
3.47971
3.47325
3.47902
3.47947
3.47826
3.47388
3.47785
3.47576
3.4762
3.4762
3.4772
3.47718
3.47357
3.47795
3.47362
3.47792
3.4786
3.47729
3.47779
3.47699
3.47626
3.47595
3.4772
3.47597
3.47718
3.47671
3.47623
3.47727
3.47688
3.47357
3.47919
3.47795
3.47363
3.47754
3.47794
3.47859
3.47716
3.47689
3.47712
3.47693
3.47773
3.47843
3.47486
3.4769
3.47712
3.4783
3.4783
3.47452
3.47407
3.47695
3.47665
3.47621
3.47622
3.47629
3.47572
3.47673
3.47622
3.47765
3.47838
3.47645
3.47783
3.47459
3.47657
3.47575
3.47666
3.47183
3.47401
3.47909
3.47964
3.4795
3.47761
3.47735
3.47413
3.47517
3.4778
3.47401
3.47808
3.47784
3.4728
3.47477
3.47896
3.47752
3.47575
3.47666
3.47401
3.4791
3.47775
3.47861
3.47889
3.4734
3.47736
3.47755
3.47413
3.47518
3.4778
3.47863
3.47783
3.47233
3.47477
3.47896
3.47456
3.47948
3.47933
3.47372
3.47733
3.47927
3.47749
3.47786
3.47703
3.47456
3.47557
3.47712
3.47569
3.47575
3.47632
3.47544
3.47397
3.47803
3.47809
3.47913
3.47894
3.4768
3.47776
3.47857
3.47931
3.47906
3.47762
3.47722
3.47805
3.47795
3.47867
3.4773
3.47752
3.4789
3.47628
3.47569
3.47619
3.47367
3.47453
3.47535
3.47676
3.47512
3.473
3.47804
3.47908
3.47809
3.47896
3.47681
3.47673
3.47588
3.47861
3.47935
3.47805
3.47797
3.47863
3.47722
3.47699
3.47727
3.47682
3.47868
3.47851
3.47833
3.47766
3.47753
3.4771
3.4775
3.47538
3.47675
3.47694
3.47481
3.47622
3.47337
3.47753
3.47803
3.47627
3.47397
3.47929
3.47614
3.47708
3.47825
3.47788
3.47707
3.47819
3.47904
3.47947
3.4775
3.47723
3.47733
3.4743
3.47337
3.47477
3.47721
3.47947
3.47614
3.47649
3.47684
3.47659
3.47901
3.47357
3.47379
3.47751
3.47744
3.47749
3.47751
3.47719
3.47725
3.47861
3.47795
3.47634
3.47456
3.47574
3.47644
3.47765
3.47187
3.47512
3.4791
3.47768
3.47861
3.47388
3.47576
3.47634
3.47766
3.47644
3.47483
3.478
3.47484
3.478
3.47808
3.47789
3.47788
3.47777
3.47612
3.47652
3.47621
3.47701
3.47653
3.47619
3.477
3.47729
3.4775
3.47725
3.47799
3.47928
3.47885
3.47187
3.47448
3.47885
3.47675
3.47843
3.47819
3.47755
3.47926
3.47448
3.47187
3.47675
3.47408
3.47725
3.4775
3.47799
3.47928
3.47843
3.47819
3.47755
3.47926
3.47512
3.47768
3.4791
3.47486
3.47187
3.47512
3.47768
3.47486
3.47843
3.47819
3.47755
3.47926
3.47751
3.47719
3.47725
3.47751
3.47744
3.47749
3.47357
3.47861
3.47795
3.47634
3.47574
3.47644
3.47765
3.47861
3.47634
3.47576
3.47644
3.47766
3.478
3.478
3.47808
3.47789
3.47788
3.47777
3.47652
3.47621
3.47701
3.47653
3.47619
3.477
3.47861
3.47634
3.47796
3.47388
3.47576
3.47644
3.47766
3.47357
3.47751
3.47744
3.47749
3.47751
3.47719
3.47379
3.47725
3.47187
3.478
3.478
3.47808
3.47788
3.47789
3.47777
3.47653
3.47619
3.477
3.47652
3.47621
3.47701
3.47861
3.47634
3.47574
3.47644
3.47765
3.47675
3.47448
3.47408
3.4775
3.47725
3.47799
3.47729
3.47928
3.47729
3.4775
3.47725
3.47799
3.47928
3.47187
3.47448
3.47675
3.47885
3.47408
3.47861
3.47634
3.47795
3.47574
3.47765
3.47644
3.47379
3.478
3.47484
3.478
3.47808
3.47789
3.47788
3.47777
3.47652
3.47621
3.47701
3.47614
3.47653
3.47619
3.477
3.47357
3.47751
3.47719
3.47725
3.47751
3.47744
3.47749
3.47187
3.47861
3.47634
3.47576
3.47766
3.47644
3.47484
3.478
3.47483
3.478
3.47808
3.47788
3.47789
3.47777
3.47653
3.47619
3.477
3.47612
3.47652
3.47621
3.47701
3.47861
3.47634
3.47456
3.47388
3.47576
3.47766
3.47644
3.47861
3.47634
3.47795
3.47409
3.47765
3.47644
3.47574
3.47379
3.47357
3.47751
3.47744
3.47749
3.47187
3.47751
3.47719
3.47725
3.47819
3.47843
3.47755
3.47926
3.47768
3.47512
3.4791
3.47486
3.47768
3.47512
3.4791
3.47843
3.47819
3.47755
3.47926
3.4775
3.47725
3.47799
3.47928
3.47187
3.47448
3.47675
3.47477
3.47947
3.47183
3.47721
3.47614
3.47788
3.47825
3.47707
3.47904
3.47649
3.47684
3.47659
3.47901
3.47929
3.47202
3.47397
3.47627
3.47614
3.4783
3.4783
3.47407
3.47452
3.47675
3.4775
3.47337
3.47481
3.47723
3.4775
3.47337
3.4743
3.47727
3.47357
3.47795
3.47363
3.47754
3.47794
3.47859
3.47716
3.47688
3.47553
3.47626
3.47595
3.47597
3.4772
3.47693
3.47585
3.4783
3.4783
3.47452
3.47407
3.47723
3.4775
3.47538
3.47337
3.47492
3.4743
3.47675
3.4775
3.47337
3.47481
3.47397
3.47627
3.47614
3.4782
3.47649
3.47684
3.47659
3.47901
3.47729
3.47718
3.47357
3.47795
3.47362
3.47753
3.47792
3.4786
3.47779
3.47576
3.477
3.4762
3.4772
3.4762
3.47919
3.47727
3.47357
3.47795
3.47363
3.47794
3.47859
3.47716
3.47688
3.47753
3.47614
3.4771
3.47477
3.47721
3.47788
3.47825
3.47707
3.47904
3.47788
3.47825
3.47707
3.47904
3.47947
3.47477
3.47721
3.47614
3.477
3.4762
3.4762
3.4772
3.47357
3.47919
3.47795
3.47362
3.47792
3.4786
3.47729
3.47779
3.47718
3.47773
3.47553
3.47626
3.47699
3.47595
3.47597
3.4772
3.47637
3.47724
3.47585
3.47753
3.4782
3.47649
3.47684
3.47659
3.47901
3.47397
3.47929
3.47627
3.47614
3.4783
3.4783
3.47733
3.47407
3.47452
3.47695
3.47675
3.4775
3.47337
3.47481
3.47492
3.47723
3.4775
3.47337
3.4743
3.47553
3.47595
3.47597
3.4772
3.47357
3.47795
3.47362
3.47792
3.4786
3.47729
3.47718
3.47779
3.47753
3.47614
3.47724
3.47708
3.47718
3.47357
3.47919
3.47795
3.47363
3.47794
3.47859
3.47727
3.47716
3.47688
3.47576
3.4762
3.4762
3.4772
3.47724
3.4771
3.47585
3.47753
3.47614
3.47723
3.4775
3.47538
3.47337
3.4743
3.47572
3.47675
3.4775
3.47337
3.47481
3.47202
3.47929
3.47397
3.47627
3.4782
3.47649
3.47684
3.47659
3.47901
3.47819
3.47788
3.47825
3.47707
3.47904
3.47183
3.47477
3.47947
3.47721
3.47477
3.47896
3.47867
3.4773
3.47752
3.47727
3.4789
3.47657
3.47575
3.47666
3.47401
3.47909
3.47964
3.4795
3.47889
3.47736
3.47755
3.4734
3.47518
3.4778
3.47863
3.47628
3.47453
3.47535
3.47619
3.47569
3.47512
3.47676
3.47809
3.47803
3.47913
3.4768
3.47894
3.47776
3.47762
3.47722
3.47805
3.47857
3.47931
3.47906
3.47762
3.47735
3.4734
3.47517
3.4778
3.47809
3.47752
3.47575
3.47666
3.47401
3.4791
3.47775
3.47861
3.4728
3.4791
3.47298
3.47802
3.47811
3.47681
3.47895
3.47673
3.47866
3.47722
3.47701
3.47586
3.47858
3.47932
3.47803
3.47557
3.47416
3.47632
3.47569
3.47712
3.47544
3.47575
3.47477
3.47896
3.47682
3.47868
3.47851
3.47727
3.47833
3.47783
3.47477
3.4728
3.47896
3.47682
3.47868
3.47851
3.47727
3.47833
3.47703
3.47372
3.47733
3.47456
3.47948
3.47933
3.47786
3.47749
3.47927
3.47661
3.47629
3.47622
3.47673
3.47784
3.47749
3.47703
3.47456
3.47948
3.47933
3.47372
3.47733
3.47927
3.47786
3.47456
3.47501
3.47233
3.47477
3.47896
3.47426
3.4773
3.47867
3.47752
3.4789
3.47752
3.47575
3.47666
3.47401
3.4791
3.47775
3.47861
3.47762
3.4734
3.47517
3.47754
3.47735
3.4778
3.47809
3.47557
3.47712
3.47569
3.47632
3.47544
3.47575
3.4791
3.47802
3.47811
3.47681
3.47895
3.47673
3.47866
3.47722
3.47701
3.47858
3.47932
3.47803
3.4789
3.4734
3.47518
3.47736
3.4778
3.47864
3.47628
3.47453
3.47535
3.47619
3.47569
3.47512
3.47676
3.47805
3.47801
3.47912
3.4768
3.47894
3.47776
3.4776
3.47722
3.47804
3.47859
3.47933
3.47907
3.47889
3.47736
3.47755
3.4734
3.47518
3.4778
3.47863
3.47657
3.47575
3.47666
3.47401
3.47909
3.47964
3.4795
3.47233
3.47809
3.47803
3.47913
3.4768
3.47894
3.47776
3.47762
3.47722
3.47805
3.47689
3.47857
3.47931
3.47906
3.47628
3.47453
3.47569
3.47512
3.47535
3.47676
3.47752
3.47575
3.47666
3.4791
3.47775
3.47861
3.47441
3.47908
3.47804
3.47809
3.47681
3.47896
3.47673
3.47863
3.47722
3.47699
3.47861
3.47935
3.47805
3.47557
3.47416
3.47569
3.47367
3.47544
3.47632
3.47575
3.47896
3.47477
3.47426
3.4773
3.47867
3.47752
3.4789
3.47665
3.47621
3.47629
3.47673
3.47622
3.47838
3.47459
3.47372
3.47733
3.47456
3.47933
3.47786
3.47703
3.47749
3.47927
3.47765
3.47645
3.47704
3.4757
3.47661
3.47673
3.47629
3.47622
3.47751
3.47795
3.47456
3.47749
3.47456
3.47933
3.47372
3.47733
3.47927
3.47703
3.47786
3.47682
3.47868
3.47851
3.47833
3.4728
3.47477
3.47896
3.47682
3.47868
3.47851
3.47833
3.47762
3.4734
3.47517
3.47754
3.47735
3.4778
3.47809
3.47557
3.47416
3.47632
3.47712
3.47569
3.47544
3.47575
3.4791
3.47802
3.47811
3.47681
3.47895
3.47673
3.47866
3.47722
3.47701
3.47858
3.47932
3.47803
3.47657
3.47575
3.47401
3.47666
3.47909
3.47964
3.4795
3.47809
3.47803
3.47913
3.4768
3.47894
3.47776
3.47762
3.47722
3.47805
3.47689
3.47857
3.47931
3.47906
3.47628
3.47569
3.47619
3.47367
3.47512
3.47535
3.47676
3.4773
3.47867
3.47752
3.47727
3.4789
3.47727
3.47682
3.47868
3.47851
3.47833
3.47477
3.47896
3.47783
3.47459
3.47557
3.47569
3.47575
3.47544
3.47632
3.47804
3.47375
3.47908
3.47809
3.47896
3.47681
3.47673
3.47861
3.47935
3.47805
3.47863
3.47722
3.47699
3.47441
3.4791
3.47775
3.47861
3.47752
3.47575
3.47401
3.47666
3.47761
3.47735
3.47754
3.47413
3.4734
3.47517
3.47808
3.4778
3.47395
3.47801
3.47421
3.47805
3.47912
3.47894
3.4768
3.47776
3.47859
3.47933
3.47907
3.47743
3.4776
3.47722
3.47804
3.47628
3.47569
3.47619
3.47367
3.47453
3.47676
3.47512
3.47535
3.47534
3.4789
3.47736
3.47518
3.47864
3.4778
3.47401
3.47909
3.47964
3.4795
3.47657
3.47575
3.47666
3.47183
3.47727
3.4773
3.47867
3.47752
3.4789
3.47233
3.47477
3.47896
3.47727
3.4773
3.47867
3.47752
3.4789
3.47783
3.47477
3.47896
3.47621
3.47622
3.47673
3.47629
3.47703
3.47749
3.47372
3.47733
3.47456
3.47948
3.47933
3.47786
3.47927
3.47751
3.47795
3.47704
3.4757
3.47665
3.47621
3.47622
3.47673
3.47629
3.47838
3.47682
3.47868
3.47851
3.47833
3.47783
3.47477
3.47896
3.47459
3.47628
3.47569
3.47619
3.47676
3.47512
3.47535
3.47801
3.47805
3.47912
3.47894
3.4768
3.47776
3.47859
3.47933
3.47907
3.47743
3.4776
3.47722
3.47804
3.47534
3.47909
3.47964
3.4795
3.47657
3.47575
3.47666
3.4789
3.47736
3.47755
3.47413
3.47864
3.4778
3.47518
3.47802
3.47377
3.4791
3.47811
3.47895
3.47681
3.47673
3.47858
3.47932
3.47803
3.47799
3.47866
3.47722
3.47701
3.4791
3.47775
3.47441
3.47861
3.47752
3.47575
3.47666
3.47401
3.47762
3.47517
3.47735
3.47809
3.4778
3.473
3.47804
3.47375
3.47908
3.47809
3.47896
3.47681
3.47673
3.47588
3.47861
3.47935
3.47805
3.47863
3.47722
3.47699
3.47557
3.47569
3.47367
3.47416
3.47575
3.47544
3.47632
3.47441
3.47761
3.47735
3.4734
3.47517
3.47808
3.4778
3.47401
3.4791
3.47775
3.47861
3.47752
3.47575
3.47666
3.47628
3.47619
3.47569
3.47676
3.47535
3.47512
3.47889
3.47755
3.47736
3.4734
3.47518
3.47863
3.4778
3.47401
3.47909
3.47964
3.47534
3.4795
3.47657
3.47575
3.47666
3.47183
3.47727
3.47682
3.47868
3.47851
3.47833
3.47783
3.4728
3.47477
3.47896
3.47749
3.47703
3.47456
3.47948
3.47933
3.47372
3.47733
3.47927
3.47786
3.47456
3.47673
3.47622
3.47629
3.47572
3.47784
3.47372
3.47733
3.47456
3.47933
3.47786
3.47703
3.47749
3.47927
3.47704
3.47784
3.47838
3.47459
3.47665
3.47621
3.47673
3.47622
3.47629
3.47622
3.47233
3.47896
3.47477
3.47783
3.47426
3.47727
3.4773
3.47867
3.47752
3.4789
3.47783
3.47477
3.47896
3.47426
3.47801
3.47805
3.47912
3.47894
3.4768
3.47776
3.47859
3.47933
3.47907
3.47743
3.4776
3.47722
3.47804
3.47909
3.47964
3.47534
3.4795
3.47657
3.47575
3.47666
3.4789
3.47736
3.47864
3.4778
3.47518
3.47557
3.47712
3.47569
3.47632
3.47575
3.47544
3.47761
3.47754
3.47735
3.47808
3.47517
3.4778
3.4791
3.47775
3.47441
3.47861
3.47752
3.47575
3.47401
3.47666
3.47202
3.4728
3.47477
3.47783
3.47896
3.47202
3.47397
3.47627
3.47614
3.47649
3.47684
3.47659
3.4782
3.47901
3.47825
3.47788
3.47707
3.47819
3.47904
3.47477
3.47721
3.4775
3.47723
3.4743
3.47337
3.4775
3.47675
3.47694
3.47481
3.47681
3.47337
3.47637
3.4783
3.4783
3.47452
3.47407
3.47626
3.47595
3.47597
3.4772
3.47362
3.47792
3.47357
3.47795
3.47779
3.47718
3.47729
3.4786
3.47843
3.47689
3.47712
3.47799
3.47363
3.47754
3.47794
3.47357
3.47919
3.47795
3.47716
3.47688
3.47859
3.47727
3.4765
3.4762
3.4762
3.4772
3.47712
3.47594
3.47671
3.4775
3.47723
3.4743
3.47337
3.4783
3.4783
3.47733
3.47407
3.47681
3.47452
3.47695
3.47183
3.47477
3.47721
3.47947
3.47614
3.47788
3.47825
3.47707
3.47904
3.47754
3.4765
3.47576
3.4772
3.4762
3.4762
3.47671
3.47363
3.47794
3.47357
3.47795
3.47716
3.47688
3.47727
3.47859
3.4769
3.47766
3.47747
3.47724
3.47753
3.47708
3.47626
3.47553
3.47597
3.47595
3.4772
3.47718
3.47362
3.47792
3.47357
3.47795
3.47779
3.4786
3.47729
3.47649
3.47684
3.47659
3.47901
3.47649
3.47684
3.47659
3.47901
3.47202
3.47397
3.47627
3.47929
3.47766
3.47718
3.47729
3.47362
3.47792
3.47357
3.47919
3.47795
3.47779
3.4786
3.47689
3.47712
3.47626
3.47597
3.4772
3.47595
3.47843
3.47486
3.47754
3.47799
3.47585
3.47803
3.47753
3.47919
3.47688
3.47363
3.47794
3.47357
3.47795
3.47716
3.47859
3.47727
3.47718
3.47671
3.477
3.47576
3.4762
3.4772
3.47695
3.4762
3.47477
3.47721
3.47614
3.4775
3.47675
3.47694
3.47481
3.47337
3.47681
3.4783
3.4783
3.47452
3.47407
3.47803
3.47724
3.4771
3.47718
3.47623
3.47712
3.47576
3.4772
3.4762
3.4762
3.47688
3.47363
3.47794
3.47357
3.47795
3.47716
3.47859
3.47727
3.47753
3.47766
3.47747
3.47753
3.47614
3.47693
3.47843
3.4791
3.47718
3.47729
3.47362
3.47792
3.47357
3.47919
3.47795
3.47779
3.4786
3.47699
3.47626
3.47553
3.4772
3.47695
3.47597
3.47595
3.4775
3.47675
3.47481
3.47337
3.47637
3.4775
3.47538
3.47723
3.4743
3.47572
3.47337
3.47637
3.4783
3.47694
3.4783
3.47733
3.47407
3.47452
3.47681
3.47788
3.47825
3.47707
3.47819
3.47904
3.47397
3.47627
3.47929
3.47187
3.47512
3.47768
3.47486
3.47729
3.47843
3.47819
3.47755
3.47926
3.4775
3.47725
3.47799
3.47928
3.47885
3.47448
3.47187
3.47675
3.47408
3.47187
3.47448
3.47675
3.47408
3.4775
3.47725
3.47799
3.47729
3.47928
3.47861
3.47388
3.47634
3.47576
3.47644
3.47766
3.47861
3.47634
3.47795
3.47574
3.47644
3.47765
3.478
3.478
3.47808
3.47788
3.47789
3.47777
3.47653
3.47619
3.477
3.47652
3.47621
3.47701
3.47379
3.47751
3.47719
3.47725
3.47751
3.47744
3.47749
3.47357
3.478
3.47484
3.478
3.47808
3.47789
3.47788
3.47777
3.47652
3.47621
3.47701
3.47653
3.47619
3.477
3.47861
3.47634
3.47796
3.47644
3.47576
3.47766
3.47843
3.47819
3.47755
3.47926
3.47729
3.47843
3.47819
3.47755
3.47926
3.47512
3.4791
3.47768
3.478
3.47483
3.478
3.47808
3.47788
3.47789
3.47777
3.47653
3.47619
3.477
3.47612
3.47652
3.47621
3.47701
3.47751
3.47744
3.47357
3.47749
3.47751
3.47719
3.47725
3.47379
3.47861
3.47574
3.47634
3.47456
3.47765
3.47644
3.47861
3.47409
3.47574
3.47634
3.47765
3.47644
3.47861
3.47388
3.47634
3.47766
3.47576
3.47644
3.47357
3.47751
3.47719
3.47379
3.47725
3.47751
3.47744
3.47749
3.47187
3.47448
3.47675
3.47408
3.4775
3.47725
3.47799
3.47729
3.47928
3.47512
3.47187
3.47768
3.47486
)
;
    }
}


// ************************************************************************* //
